0.62294
0.68357
0.31198
0.27922
0.62491
0.21515
0.36835
0.33512
0.06158
0.04046
0.34126
0.35524
0.00000
0.05991
0.46001
0.49430
0.36782
0.30395
0.37355
0.42184
0.49230
0.55022
0.50666
0.42298
0.39657
0.39657
0.45979
0.52289
0.54607
0.10998
0.24742
0.19355
0.50335
0.65004
0.03163
0.45236
0.10347
0.00893
0.08135
0.40844
1.00000
0.94280
0.77601
0.52925
0.13379
0.56798
0.14927
0.33716
0.49204
0.43331
0.31031
0.45577
0.07650
0.15334
0.08147
0.85439
0.76386
0.63109