0.52210
0.53464
0.55324
0.46696
0.55799
0.49897
0.50064
0.45660
0.43660
0.49499
0.54924
0.53701
0.48481
0.54364
0.55410
0.58803
0.51140
0.50141
0.53060
0.53073
0.23404
0.53496
0.00000
0.54128
0.52697
0.52697
0.55051
0.05944
0.01493
0.44450
0.36068
0.37854
0.53289
0.54048
0.46042
1.00000
0.48819
0.45687
0.56062
0.52825
0.54039
0.51543
0.50962
0.51105
0.65778
0.56776
0.60739
0.68227
0.00215
0.48318
0.52138
0.43619
0.49802
0.38960
0.56074
0.65097
0.62192
0.47756